2.395942306518554688e+01 2.313019895553588867e+01 1.305143912633260150e+01
-1.743171699841817102e+01 2.382432778676350793e+01 1.346092828114827533e+01
-8.669282476107278868e+00 -1.942853593826293945e+01 1.282891225814819336e+01
2.414365545908610144e+01 -1.768397808074951172e+01 2.630102539062500000e+01
-3.619674021999041424e-01 2.666405359903971473e+01 4.858714103698730469e+00
-4.257165749867756865e+00 -1.456883923212687115e+01 1.953895918528239051e+01
-2.478904533386230469e+01 -2.750696198145548621e+01 1.166504875818888287e+01
1.199084989229837994e+01 3.759401384989420336e+01 8.168124993642171816e+00
7.874512290954589844e+01 -8.614314277966817812e+00 2.086991914113362512e+01
-2.469155581792195520e+01 -4.012647438049316406e+01 1.888520654042561731e+01
-4.791626548767089844e+01 1.268680787086486816e+01 2.724030590057373047e+01
4.171863365173339844e+01 7.168480714162190459e+00 2.582886950174967566e+01
-3.138330841064453125e+01 1.374076358477274518e+01 2.599311065673828125e+01
-4.190061950683593750e+01 -2.166842794418334961e+01 2.115300973256428918e+01
-5.298879464467366773e+01 -2.446614233652750769e+01 2.331782023111979285e+01
-5.119211236635844209e+00 3.350353654225667555e+01 1.196350399653116803e+01
-1.434448345502217670e+01 1.024182542165120502e+01 1.761921914418538293e+01
4.614178530375162524e+01 2.771814331412315369e+00 2.192297204335530481e+01
3.606863689422607422e+01 3.083010848363240441e+01 1.829957437515258789e+01
4.286490631103515625e+01 1.526201430956522564e+01 1.968417835235595703e+01
-1.351837420463562012e+01 4.209138234456379912e+00 2.330125999450683594e+01
-3.603856054941812914e+01 -1.640674630800883094e+01 1.721843910217285156e+01
1.571358664830525775e+01 -1.607582073658704758e+00 1.832759952545166016e+01
8.503089745839437441e+00 -7.521398452421029779e-01 2.162027867635091027e+01
-8.890979091326395078e+00 1.762596599260966101e+01 1.227675278981526752e+01
4.930239200592041016e+01 6.455682714780171416e+00 2.034387397766113281e+01
-4.775586605072021484e+01 -5.983329653739929199e+00 3.016127634048461914e+01
-6.175606060028076172e+01 5.120894933740297583e-01 2.704211743672688684e+01
-3.723460324605306226e+01 -2.355607493718465051e+01 1.637355597813924035e+01
-4.175053628285726148e+01 9.617345094680786133e+00 2.999159733454386512e+01
3.851978270212809008e+01 2.351779747009277344e+01 1.489189275105794330e+01
-1.192634606361389160e+01 1.766169404983520508e+01 1.573244524002075195e+01
-8.977804740269979433e+00 2.412284549077351770e+01 1.189558378855387311e+01
1.460378774007161518e+01 -1.980934874216715613e+01 2.103177642822265625e+01
-2.783558130264282227e+01 -5.888734467824300367e+01 1.230264997482299805e+01
7.586834907531738281e+00 4.449312464396158617e+01 8.816195170084634825e+00
1.284786995251973529e+01 3.113579638799031457e+01 5.623858928680419922e+00
1.803329356511433801e+01 -9.420933723449707031e+00 1.565881490707397461e+01
-3.691993643840154160e+00 -2.213849560419718543e+01 1.614882278442382812e+01
1.805024083455403527e+01 4.871484692891439039e+01 1.227239100138346295e+01
-5.651324971516927320e+01 -1.642907897631327430e+01 2.266762193044026574e+01
-1.925138076146443566e+01 -4.258565743764241773e+01 1.748141384124755859e+01
-7.496023050944010890e+01 1.221094552675882916e+01 2.260898526509602746e+01
-2.350379896163940430e+01 2.545913998285929480e+01 1.876172463099161902e+01
-2.541742086410522461e+01 1.962506000200907508e+01 1.760009098052978516e+01
-8.853065874427556992e-02 -7.975264151891072295e+00 2.219411023457844934e+01
3.624986298878987867e+01 -4.502432445685069062e+00 2.606594117482503137e+01
-8.842013875643411680e+00 3.300609207153320312e+01 1.585070912043253522e+01
-3.805161285400390625e+01 -3.123351271947224816e+01 1.927793502807617188e+01
1.686763723691304406e+01 -2.510536781946818152e+01 2.095426718393961707e+01
-4.246646817525228101e+01 -5.297350120544433594e+01 1.528067255020141602e+01
-1.810889561971028527e+01 -3.183214171727498254e+01 1.795197359720866004e+01
-5.984328015645345289e+01 2.017859935760498047e+01 2.379664007822672644e+01
2.158899116516113281e+01 3.749875895182291430e+01 1.690947532653808594e+01
-7.779305203755696141e+01 -1.244051035245259662e+01 2.079553572336832801e+01
-4.038300450642903883e+01 -4.241124184926351148e+01 1.575214910507202148e+01
6.082312870025634766e+01 -1.314880172411600689e+01 2.345336373647053918e+01
-5.966974258422851562e+01 3.518657271067301195e+01 2.322283776601155481e+01
2.196557315190633020e+01 -5.307494262854258515e+00 2.406217797597249231e+01
-1.310307296117146869e+01 -4.450771681467691820e+01 1.600214703877766809e+01
4.382149155934651930e+01 2.576351197560628137e+01 1.938548882802327356e+01
-6.313826020558675367e+01 -8.853075226147970156e+00 2.539983717600504676e+01
4.502904097239176195e+01 3.096668624877929688e+01 1.575656525293985943e+01
8.607986489931741758e+00 -9.009736736615499453e+00 1.792042430241902551e+01
-7.049626477559407078e+01 4.353666086991627715e+00 2.404570007324218750e+01
2.172921291987101355e+01 4.440317662556966383e+01 1.552035617828369141e+01
-3.323239469528198242e+01 -1.843204259872436523e+01 1.181809552510579486e+01
-5.540484841664632398e+01 -6.945454279581706025e+00 2.763004016876220703e+01
3.881849288940429688e+01 -1.266892337799072266e+01 2.282734807332356652e+01
-2.091653140385945520e+01 1.530161102612813373e+01 1.961462879180908203e+01
1.136903564135233502e+01 4.895520973205566406e+01 1.226949405670166016e+01
-6.412825330098469578e+01 1.424662160873413086e+01 2.509355862935383996e+01
-5.942493057250976562e+01 -4.284524472554524976e+01 2.379636542002360144e+01
1.516658790906270404e+01 5.980021985371907789e+01 1.015144666035970111e+01
3.861724154154459399e+01 5.883877913157144945e+01 1.676962598164876184e+01
-2.388884226481119910e+01 7.701479721069335938e+01 1.648519722620646277e+01
-5.080111376444498461e+01 3.430046272277832031e+01 2.476933701833089074e+01
5.600747346878051758e+00 -2.008404127756754676e+01 2.194749450683593750e+01
-5.904123644034068086e+00 -3.216813484827677172e+01 1.841242663065592566e+01
-4.522885290781656664e+01 -7.475179545084635890e+01 1.796567598978678504e+01
2.760652208328247070e+01 2.997036902109782019e+01 1.855449883143107215e+01
-1.867439850171406945e+01 2.911891778310139856e+01 1.960030841827392578e+01
-4.041303475697835523e+01 -7.405102348327636719e+01 1.560211531321207623e+01
-5.528419621785482008e+01 8.948822140693664551e+00 2.890080388387044152e+01
4.602570533752441406e+01 -1.769056264559428016e+01 2.744349257151285926e+01
-3.773479620615641039e+01 2.524196577072143555e+01 2.182387797037760535e+01
3.139911095301310340e+01 -7.743228435516357422e+00 2.271752357482910156e+01
-5.079278755187988281e+01 2.045740811030070105e+01 2.565304025014241418e+01
2.698521504799524795e+00 5.157166035970052320e+01 1.551144504547119141e+01
-6.766538174947102391e+01 -2.023653093973795691e+01 2.374678357442219934e+01
6.546738560994465672e+01 -1.265859723091125488e+01 2.181629085540771484e+01
-7.080043729146321141e+01 -5.213080028692881562e+00 2.644553820292155066e+01
-6.231420358022054273e+01 -1.399383664131164551e+01 2.646654446919758996e+01
4.202405452728271484e+01 -2.565840117136637488e+01 2.936658287048339844e+01
-7.595933278401692412e+00 -3.702238241831461352e+01 1.820109113057454309e+01
7.324989891052246094e+01 1.970901664098103723e+01 2.124984518686930457e+01
-4.215992355346679688e+01 -6.092653973897298414e+01 1.688664976755778113e+01
-4.957807381947835523e+01 -3.405867640177408617e+01 2.090154743194580078e+01
4.505087979634603101e+01 7.189917246500651515e+01 1.794572766621907434e+01
2.883623917897542199e+01 7.471147855122883641e+01 1.831817658742268762e+01
1.675889587402343750e+01 3.088056262334187707e+01 1.076769336064656635e+01
2.836525265375773230e+01 2.280503654479980469e+01 1.299667930603027344e+01
-4.869111855824788648e+01 -2.618765560785929480e+01 2.142920621236165246e+01
-6.834398523966471828e+01 5.390650431315103930e+01 2.172887579600016394e+01
7.402843729654948390e+01 -6.099549492200215361e+00 2.489450422922770301e+01
-3.739211463928222656e+01 -6.127946949005126953e+01 1.508260456720987897e+01
-6.740182367960612453e+01 -4.943193181355794508e+01 2.160952885945637902e+01
-4.259644603729248047e+01 1.901440890630086145e+01 2.486154079437255859e+01
-6.401193936665852391e+01 2.863378477096557617e+01 2.227850818634033203e+01
-7.157965596516926610e+01 -1.392465337117513080e+01 2.548468367258707801e+01
5.319599596659342211e+01 -2.210749832789103309e+01 2.661390844980875769e+01
-4.053052266438802320e+01 -3.671092923482259351e+01 1.971905024846394738e+01
-5.720588744928439828e-01 -2.843570756912231445e+01 1.964415423075358191e+01
2.420709784825642785e+01 6.396765867869059008e+01 1.404165601730346680e+01
1.513010111947854286e+00 -4.576961390177408617e+01 2.329431279500325402e+01
4.006513059139251709e+00 -2.365048535664876184e+01 1.693869145711262902e+01
2.297425635655720910e+01 5.313601430257161695e+01 9.976171811421712832e+00
-3.132009649276733398e+01 -4.465101782480875414e+01 1.489431683222452740e+01
-2.743587271372477332e+01 -7.056667264302571141e+01 1.782490682601928711e+01
2.794586324691772461e+01 4.200687789916992188e+01 1.496817620595296283e+01
-5.876459217071533203e+01 -2.726580365498860559e+01 2.566848786671956262e+01
-8.026506423950195312e+01 -2.494551197687784949e+01 2.457352828979492188e+01
-4.856276162465413648e+01 -4.052862803141275805e+01 2.259429073333740234e+01
4.707171535491943359e+01 -4.232590874036152861e+00 2.437774626413981238e+01
4.845577855904896758e+00 3.719578075408935547e+01 1.021776692072550397e+01
5.058196194966634351e+01 3.069178183873494348e+01 1.603885253270467004e+01
6.397364298502603930e+01 -2.037485440572102746e+01 2.222883033752441406e+01
2.113901201883951941e+01 -3.033772961298624793e+01 2.183283138275146484e+01
-5.087387466430664062e+01 -5.690471553802490234e+01 2.074074586232503137e+01
6.639732933044433594e+01 6.459396600723266602e+00 2.606244850158691406e+01
-1.635027345021565637e+01 3.807792377471923828e+01 1.786138216654459754e+01
-8.365240287780761719e+01 3.410031954447428149e+01 1.753044064839680871e+01
-4.496984608968099195e+01 2.620009565353393555e+01 2.767861270904541016e+01
-3.710035546620687086e+01 3.664891052246093750e+01 2.327427419026692590e+01
5.652071793874105055e+01 -2.951066875457763672e+01 2.513766193389892578e+01
-6.455632845560710109e+01 -4.339870103200276930e+01 2.670234902699788293e+01
-7.770215988159179688e+01 1.929720783233642578e+01 2.223219331105550012e+01
-7.765389315287272609e+01 4.610887120167414643e+00 2.018772538503010949e+01
-2.253936751683552941e+01 -5.484715207417806226e+01 1.289155483245849609e+01
6.524509151776631377e+00 6.755960019429524266e+01 1.084523057937622070e+01
-5.400529988606771070e+01 2.696445322036743164e+01 2.379110622406005859e+01
-7.043272145589192235e+01 1.572563680013020893e+01 2.260749657948811731e+01
4.137326685587564867e+01 6.920735931396484375e+01 1.649769941965739051e+01
3.257815933227539062e+01 -1.588894327481587787e+01 2.334624926249186316e+01
4.830644468466441133e+00 -8.000290107727050781e+01 1.648321898778279504e+01
6.415630340576171875e+00 -3.384134705861409742e+01 2.287643941243489465e+01
-2.918632157643635949e+01 -3.280437739690145094e+01 1.399773327509562115e+01
-3.821096356709798414e+01 -5.019327322642008227e+01 1.215092182159423828e+01
3.011355702082316199e+01 5.046866512298583984e+01 1.447183354695638080e+01
3.217665608723958570e+01 3.832152525583902758e+01 1.819716930389404297e+01
1.630054410298665246e+01 -4.731129137674967211e+01 2.174608421325683594e+01
1.339319610595703125e+01 -3.843972651163736742e+01 2.097704633076985559e+01
7.441097895304362453e+01 -6.321339193979898852e+01 1.304584423700968365e+01
-5.200546646118164062e+01 4.602479139963785570e+01 1.948368326822916785e+01
-2.821887477238972863e+01 -5.112436993916829664e+01 1.404760408401489258e+01
-7.264162445068359375e+01 -4.372311941782633227e+01 2.469515355428059777e+01
7.249082883199055516e+01 4.217087809244791430e+01 2.001933542887369910e+01
7.323521550496418797e+01 -2.704796202977498254e+01 2.058549435933430871e+01
7.919581667582194484e+01 -3.071005900700886926e+01 2.374773025512695312e+01
5.543190574645996094e+01 8.865946253140768007e+00 2.041997623443603516e+01
6.666136964162190282e+01 1.520509425799051861e+01 2.250599161783854285e+01
5.892288621266683180e+01 -2.451860966781775009e+00 2.531468073527018348e+01
4.036889489491780836e+01 4.097485383351644117e+01 1.738285287221272668e+01
-7.289394060770671047e+01 2.880469512939453125e+01 2.252516492207844934e+01
-2.850675614674885949e+01 3.051122601826985559e+01 1.865293439229329309e+01
5.399946180979410570e+01 -1.432589538892110248e+01 2.443404769897460938e+01
2.920383961995442590e+01 7.650087547302246094e+01 1.862958431243896484e+01
1.254469863573710064e+01 6.854884847005207860e+01 1.597506697972615619e+01
-3.276715199152628344e+01 -6.870917129516601562e+01 1.463128391901651959e+01
-2.899556048711140832e+01 -6.391739050547281664e+01 1.692442512512207031e+01
7.350985654195149266e+01 -1.818093276023864746e+01 2.004259045918782434e+01
-1.123526358604431152e+01 4.389014085133870680e+01 1.362591012318929096e+01
-6.049341011047363281e+01 -5.497007751464843750e+01 2.138316949208577356e+01
3.060769764582316199e+01 -2.131931289037068566e+01 2.217419115702311316e+01
7.616219584147135890e+01 8.160339196523031191e+00 2.515105120340983191e+01
-7.043377621968586766e+01 2.238945484161376953e+01 2.378899447123209754e+01
-2.599211772282918176e+01 -7.865959358215332031e+01 1.749403206507365027e+01
6.156361818313598633e+00 -4.625233999888101977e+01 2.001350498199462891e+01
-6.687219874064128078e+01 -3.645204861958821851e+01 2.709799162546793738e+01
-7.526112937927246094e+01 -3.039775490760803223e+00 2.222055848439534387e+01
8.228746255238851504e+00 5.960154724121093750e+01 1.271224419275919537e+01
-5.675126075744628906e+01 -3.492310110727945727e+01 2.323259449005126953e+01
7.949817530314128078e+01 7.276252532998721257e-05 2.113790035247802734e+01
4.923015912373860914e+01 -1.063198248545328717e+01 2.282368691762288293e+01
-2.920186456044514856e+01 3.578507137298583984e+01 2.319935639699300012e+01
-5.546095021565755445e+01 -7.396908696492512547e+01 1.641032663981119910e+01
-5.758742459615071851e+01 4.441570250193277758e+01 2.047837607065836707e+01
4.905751832326253492e+01 1.489577547709147076e+01 1.837325032552083215e+01
-7.332922490437825047e+01 4.968055884043375414e+01 1.897869936625162879e+01
-3.451217619578043383e+01 3.027863931655883789e+01 1.959296576182047644e+01
6.340265528361002367e+01 -3.632251358032226562e+01 2.266940911610921106e+01
2.717762502034505090e+01 -4.570956261952718336e+01 1.954474798838297644e+01
1.065180857976277728e+01 7.317011260986328125e+01 1.274457708994547467e+01
-3.442012166976928711e+01 -5.299771245320638258e+01 1.405714257558186908e+01
1.833490363756815711e+01 6.135775279998779297e+01 1.562920840581258197e+01
-7.633393541971842922e+01 4.298264789581298828e+01 1.912889003753662109e+01
6.824965159098307765e+01 -1.786973249167203903e+00 2.323268953959147254e+01
1.828560384114583215e+01 7.187763532002766453e+01 1.796244525909423828e+01
7.344514211018879735e+01 1.371737798055013080e+01 2.387672011057535926e+01
2.522223567962646484e+01 -3.912691656748453539e+01 2.006787618001301965e+01
-5.291414769490560133e+01 -6.493990612030029297e+01 1.773141336441040039e+01
-9.344110369682312012e+00 6.948860677083332860e+01 1.449937009811401367e+01
5.703451251983642578e+01 4.957891209920247633e+01 1.663623285293579102e+01
-3.963778475920359146e+00 -5.381654230753580492e+01 2.050379276275634766e+01
-6.233932240804036695e+01 -7.571626536051432765e+01 1.715813302993774414e+01
2.250421078999837121e+01 -7.987397130330403172e+01 1.467984898885091205e+01
4.893950303395589430e+01 6.347430070241292555e+01 2.040645885467529297e+01
-5.479283968607584399e+01 -4.973769696553548414e+01 2.286524931589762488e+01
5.867398420969644945e+01 -3.424883015950521070e+01 1.918753178914387902e+01
-6.442377765973408721e+00 -6.112645244598388672e+01 1.920768610636393348e+01
-7.281152852376301610e+01 -2.204843187332153320e+01 2.645504856109619141e+01
-7.878131294250488281e+01 -5.700631872812906664e+01 1.828796736399332801e+01
-2.654142363866170129e+01 4.509111309051513672e+01 2.325926240285237512e+01
-6.670483525594075047e+01 -2.480529324213663855e+01 2.793918991088867188e+01
6.684308878580729640e+01 -3.852471701304117602e+01 2.157064215342203894e+01
1.808497730890909949e+01 -7.060519345601399266e+01 1.873515748977661133e+01
-1.866611440976460656e+01 4.403736782073974609e+01 2.105262692769368371e+01
-4.522492122650146484e+01 -4.662451171875000000e+01 1.874167537689208984e+01
5.572849241892496508e+01 1.590455094973246197e+01 1.758352279663085938e+01
5.427259953816732008e+01 -3.649122015635172289e+01 2.577418422698974609e+01
6.131342347462972242e+01 1.999354934692382812e+01 1.718990802764892578e+01
-3.228668689727783203e+01 7.129742749532063328e+01 2.203232192993164062e+01
-2.424814097086588660e+01 5.518889999389648438e+01 2.419339593251546106e+01
-2.052684450149536133e+01 5.169390837351480883e+01 1.978873666127522668e+01
2.743066962560017785e+01 -2.864938894907633582e+01 2.517361577351887902e+01
-2.510674071808656205e+00 7.159046300252278172e+01 1.634515412648518762e+01
-1.472004365921020508e+01 -5.429697767893473070e+01 1.880766900380452356e+01
1.580440829508006573e+00 4.381240018208821851e+01 1.369283946355183978e+01
-5.546442667643228930e+01 -7.942325719197590672e+01 1.868056265513102332e+01
4.889255364735921461e+01 4.697232723236083984e+01 1.734117968877156457e+01
-9.895611524581909180e+00 -7.665700531005859375e+01 1.727443726857503137e+01
-2.029419680746892940e+00 5.918647766113281250e+01 1.588615608215332031e+01
-7.624686686197917140e+01 -5.197606945037841797e+01 2.232511679331461707e+01
7.968684323628743016e+01 -3.881070295969644945e+01 2.343455727895100793e+01
6.584922472635905422e+01 2.658599472045898438e+01 1.655331055323282996e+01
3.226316452026367188e+01 -3.958571084340413648e+01 2.117803923288981238e+01
-3.814351940155029297e+01 4.311285114288330078e+01 2.188490200042724609e+01
2.934918896357218543e+01 6.836866188049316406e+01 1.686624288558959961e+01
-6.599132823944091797e+01 -6.845868682861328125e+01 1.597548246383666992e+01
-2.355048418045043945e+00 -7.009730275472004735e+01 1.791861073176066199e+01
-4.446674442291259766e+01 4.214138094584146899e+01 2.014503002166748047e+01
2.943954976399739465e+01 -7.249712435404460109e+01 1.550706529617309570e+01
6.555711237589518703e+01 -2.432566769917805871e+01 2.234529018402099609e+01
-6.880118878682453953e+01 4.099577045440673828e+01 2.012528419494628906e+01
-7.826263427734375000e+01 -6.410813872019450343e+01 1.798057333628336707e+01
4.803507834672927856e+00 6.186364428202310961e+01 1.428038358688354492e+01
-6.244675298531849883e+00 -4.737984402974446851e+01 2.301072597503662109e+01
4.402545579274495680e+01 5.287648391723632812e+01 2.081011358896891394e+01
4.420449797312418383e+01 -3.833785788218180102e+01 2.643797461191813269e+01
3.177755721410115441e+01 -3.311833031972249586e+01 2.309548695882161340e+01
5.203862380981445312e+01 4.082789643605550367e+01 1.607849184672037879e+01
7.387984975179035985e+01 -5.717858123779296875e+01 1.608182096481323242e+01
5.821574878692626953e+01 6.163892618815103930e+01 1.931425952911376953e+01
2.953203964233398438e+01 5.838291009267171461e+01 1.530109246571858783e+01
-6.538682683308918797e+01 -6.266751257578531664e+01 2.003541660308837891e+01
-1.595245504379272461e+01 -8.003510411580403172e+01 1.698948605855305871e+01
-9.917026917139688535e+00 -5.480486456553141039e+01 2.146909586588541785e+01
7.358380889892578125e+01 -3.670603847503662109e+01 2.604748439788818359e+01
-4.137481657663980883e+01 3.438763650258382398e+01 2.785362211863199988e+01
6.512664731343586766e+01 -4.874898910522460938e+01 2.074431959788004676e+01
4.439474995930989820e+01 -3.138036950429280481e+01 2.656267102559407434e+01
7.141920153299967922e+01 2.686534722646077356e+01 1.846869993209838867e+01
-4.661824289957682055e+01 6.535754585266113281e+01 2.056077448527018348e+01
-1.610293912887573242e+01 6.808261807759602391e+01 1.853734207153320312e+01
4.612885570526123047e+01 -4.460220209757486742e+01 2.445994408925374231e+01
-5.378017775217691820e+01 4.035064729054769117e+01 2.440893332163492957e+01
-1.395247912406921387e+01 7.948674837748210109e+01 1.633700720469157019e+01
-1.746339909235636512e+01 7.647108713785807765e+01 1.818939908345540246e+01
-4.293888537089029711e+01 5.663246695200601977e+01 2.135059483846028527e+01
-7.517246754964192235e+01 3.334733565648397047e+01 1.835552533467610559e+01
-6.831780624389648438e+01 -5.601741345723470289e+01 2.291792869567871094e+01
-3.881462637583414477e+01 7.789931933085124172e+01 1.829153045018513879e+01
-1.341263953844706158e+01 -6.449976921081542969e+01 1.725767199198405066e+01
-2.635516787568727981e+00 -7.802381006876628078e+01 1.857056395212809363e+01
-3.506794591744740952e+00 4.914078044891357422e+01 1.327659050623575787e+01
1.118006491661071777e+01 -7.111872482299804688e+01 1.602189334233601770e+01
5.765076414744059008e+01 -4.363388347625732422e+01 2.232913812001546106e+01
7.203659454981486299e+00 -5.596215407053629320e+01 2.047456232706705848e+01
-6.565129820505778468e+01 6.959423510233561672e+01 2.076512686411539832e+01
5.213267676035562914e+01 2.446476252873738488e+01 2.107758967081705848e+01
4.013623205820719164e+01 -5.344165770212809008e+01 2.028606764475504676e+01
-2.056457090377807617e+01 6.382273419698079664e+01 1.932680352528889856e+01
-7.847360801696777344e+01 -7.480758221944172703e+01 1.439662249883016010e+01
3.125647083918253699e+01 -7.538837941487629735e+01 1.906178251902262488e+01
-7.274415842692057765e+01 6.975153795878092922e+01 2.187472820281982422e+01
8.535122426350910985e+01 -3.722542254130045336e+01 2.449353345235188684e+01
5.925561491648355883e+01 2.916822512944539270e+01 1.769859472910563269e+01
-7.272442944844563328e+01 -6.916467539469401515e+01 2.003606573740641394e+01
1.752577233314514160e+01 -5.665567398071289062e+01 2.039568996429443359e+01
6.070041942596435547e+01 4.294133504231771070e+01 1.907801628112792969e+01
7.454303105672200047e+01 3.207433621088663500e+01 2.050119241078694543e+01
7.874845504760742188e+01 -4.969031429290771484e+01 2.243970489501953125e+01
5.439787133534749586e+01 6.962459437052409328e+01 2.165256595611572266e+01
5.909310118357340258e+01 6.076361211140950758e+01 1.960096422831217566e+01
9.446214760343233374e-01 6.685014915466308594e+01 1.192700703938802143e+01
3.969835313161214430e+01 -6.241023000081380445e+01 1.853609132766723633e+01
-7.930997403462727391e+01 -6.798570569356282078e+01 1.252418565750122070e+01
-1.695380457242329797e+01 -7.094999440511067235e+01 1.821058766047159949e+01
6.283910147349039477e+01 7.281863657633464015e+01 1.730410305658976355e+01
-2.237665398915608606e+01 -6.245377508799234789e+01 1.631780703862508020e+01
-2.567275889714558801e+01 6.916691652933756984e+01 2.134393183390299598e+01
5.576866245269775391e+01 -5.959827709197998047e+01 2.066196695963541785e+01
6.134848880767822266e+01 -6.105432828267415601e+01 1.693318446477254113e+01
-1.151130986213684082e+01 5.311188570658365649e+01 1.523794825871785541e+01
-6.230238437652587891e+01 6.157519594828287524e+01 1.998980108896891394e+01
-5.772219657897949219e+01 6.803179931640625000e+01 2.354905033111572266e+01
-1.992801601688067192e+00 -8.591168721516926610e+01 1.604372978210449219e+01
-4.024776236216226977e+01 6.606986967722575343e+01 2.190325196584065637e+01
6.937568664550781250e+01 -5.163864072163899976e+01 1.843957535425822059e+01
-2.991248099009196082e+01 8.055602137247721828e+01 2.027234649658203125e+01
-7.026452255249023438e+01 6.192441908518473070e+01 2.386362965901692590e+01
-2.805724620819091797e+01 6.236164315541585523e+01 2.249637285868326941e+01
7.728344154357910156e+01 -7.065205319722493016e+01 1.337348111470540424e+01
2.971368217468261719e+01 -6.218958822886148852e+01 1.824830977121989051e+01
-9.072574814160665468e+00 6.293322245279947680e+01 1.648274676005045691e+01
-5.367550786336263258e+01 5.821260611216226977e+01 2.345543448130289832e+01
3.346914038062095642e+00 -7.033350245157878078e+01 1.565947326024373432e+01
3.662684440612792969e+01 -4.716428979237874586e+01 2.575479507446289062e+01
5.858436838785807055e+01 3.660615793863932055e+01 1.867226950327555457e+01
-5.862317593892415601e+01 7.271355756123860203e+01 1.905229791005452356e+01
6.153440634409586352e+01 -1.284633686145146614e+00 2.000636259714762488e+01
5.198127587636312086e+01 -4.218653361002603930e+01 2.392242209116617957e+01
6.524488671620686375e+01 5.328234322865804273e+01 1.931762218475341797e+01
4.699200407663980883e+01 -5.520326264699300367e+01 2.155794874827067176e+01
-6.982755215962727391e+01 7.631253560384114110e+01 1.999470170338948449e+01
7.408845901489257812e+01 -7.733523241678874172e+01 1.609060811996459961e+01
-4.896449597676595289e+01 5.059008344014485914e+01 2.165043131510416785e+01
2.060210816065470496e+01 -4.424793465932210523e+01 1.799649731318156043e+01
5.098954645792642992e+01 5.563887500762939453e+01 1.998008505503336707e+01
5.487829685211181641e+01 3.012503115336100379e+01 2.174193795522053918e+01
3.328408368428548414e+01 -8.121639060974121094e+01 1.591513649622599225e+01
7.677749951680501006e+00 -6.395215129852294922e+01 2.067474365234375000e+01
7.455914942423503078e+01 -4.498071956634521484e+01 2.091939671834309777e+01
6.664438120524089015e+01 -7.216128730773925781e+01 1.505480766296386719e+01
1.128841066360473633e+01 -5.165573787689208984e+01 2.060266240437825402e+01
-3.684516175587972242e+01 5.404941177368164062e+01 2.300255076090494910e+01
5.344165356953939039e+01 -5.343978404998779297e+01 1.931013647715250769e+01
-7.825232950846354640e+01 6.402964750925700343e+01 2.315171337127685547e+01
-4.570251941680908203e+01 7.105335362752278172e+01 2.079745038350423059e+01
1.114593950907389264e+01 -8.195265261332194484e+01 1.391670147577921490e+01
4.446731662750244141e+01 -7.583342997233073390e+01 1.696256955464680871e+01
5.840795421600341797e+01 -7.435917663574218750e+01 1.798248004913330078e+01
-7.818295860290527344e+01 5.222965081532796461e+01 2.104061190287272254e+01
-7.531644058227539062e+01 -7.914317003885905422e+01 1.510969988505045514e+01
-6.019179789225260180e+01 8.110411326090495265e+01 1.570020723342895508e+01
3.972429339090982836e+01 7.814769808451335109e+01 1.826983642578125000e+01
5.048151969909667969e+01 -7.405120150248210109e+01 1.413966798782348633e+01
7.422839101155598485e+01 5.493286609649658203e+01 2.410057703653971473e+01
1.861745452880859375e+01 -6.386809825897216797e+01 2.078358904520670691e+01
4.164496390024820727e+01 -7.140425745646159328e+01 2.166573619842529297e+01
-7.775577100118000828e+01 7.822701009114582860e+01 1.958379332224528113e+01
6.987781397501628078e+01 6.709245999654133641e+01 2.066832065582275391e+01
7.650673993428547703e+01 6.239294783274332445e+01 2.039193216959635535e+01
-4.344748306274414062e+01 7.661443265279133641e+01 1.718785158793131629e+01
-6.242776393890380859e+01 5.275235335032144945e+01 2.320857334136962891e+01
5.745349661509195727e+01 7.719356473286946141e+01 1.488293027877807617e+01
5.730771032969156664e+01 -6.316767692565917969e+01 1.676356299718220910e+01
4.760669008890787524e+01 -6.233231226603189867e+01 2.072513898213704309e+01
6.453128433227539062e+01 3.742554124196370680e+01 2.012104988098144531e+01
7.741199048360188328e+01 6.949546623229980469e+01 2.003524335225423059e+01
7.643449465433756984e+01 7.606417910257975734e+01 1.836772886912028113e+01
3.540975252787271899e+01 -5.647763824462890625e+01 1.979493618011474609e+01
5.850417995452880859e+01 7.854382197062174953e+01 1.888106791178385535e+01
7.114872996012370265e+01 4.830980364481607836e+01 2.308079210917155066e+01
7.979361089070637547e+01 4.566758918762207031e+01 2.190956592559814453e+01
6.558558940887451172e+01 -7.924013201395671047e+01 1.685247755050659180e+01
7.223476791381835938e+01 7.510325940450032078e+01 1.279227161407470703e+01
6.645350519816081203e+01 -6.440330632527668797e+01 1.521008809407552143e+01
