2.387719345092773438e+01 2.660350990295410156e+01 8.109741210937500000e+00
2.324599456787109375e+01 2.585308074951171875e+01 7.048822402954101562e+00
2.197850036621093750e+01 2.614188575744628906e+01 6.755889892578125000e+00
2.156374931335449219e+01 2.528167915344238281e+01 5.623859405517578125e+00
2.188967895507812500e+01 2.597214317321777344e+01 4.243274688720703125e+00
2.304501152038574219e+01 2.534643173217773438e+01 3.563135147094726562e+00
2.331132888793945312e+01 2.578373718261718750e+01 2.119150161743164062e+00
2.594101524353027344e+01 2.531127357482910156e+01 2.281761169433593750e+00
2.703346824645996094e+01 2.425610923767089844e+01 1.818557739257812500e+00
2.752647972106933594e+01 2.448553276062011719e+01 3.605766296386718750e-01
2.858627700805664062e+01 2.388978576660156250e+01 -2.164421081542968750e-01
2.936569786071777344e+01 2.287567520141601562e+01 5.725555419921875000e-01
2.999941635131835938e+01 2.172206497192382812e+01 -3.568878173828125000e-01
3.080149078369140625e+01 2.211762619018554688e+01 -1.599652290344238281e+00
3.208316802978515625e+01 2.287708854675292969e+01 -1.236630439758300781e+00
3.280846786499023438e+01 2.332240295410156250e+01 -2.554976463317871094e+00
3.380032348632812500e+01 2.230144500732421875e+01 -3.121752738952636719e+00
3.510456466674804688e+01 2.200628089904785156e+01 -2.322973251342773438e+00
3.609043121337890625e+01 2.099869537353515625e+01 -2.892907142639160156e+00
